0 1 0.0714
0 2 0.0714
0 3 0.0714
0 4 0.0714
0 5 0.0714
0 6 0.0714
0 7 0.0714
0 8 0.0714
0 9 0.0714
0 10 0.0714
0 11 0.0714
0 12 0.0714
0 13 0.0714
0 14 0.0714
1 0 0.5000
1 2 0.5000
2 0 0.3333
2 1 0.3333
2 4 0.3333
3 0 1.0000
4 0 0.5000
4 2 0.5000
5 0 0.1250
5 2 0.1250
5 3 0.1250
5 4 0.1250
5 7 0.1250
5 9 0.1250
5 13 0.1250
5 14 0.1250
6 0 0.1429
6 1 0.1429
6 2 0.1429
6 3 0.1429
6 4 0.1429
6 8 0.1429
6 10 0.1429
7 0 0.2500
7 5 0.2500
7 9 0.2500
7 13 0.2500
8 8 -1
9 0 0.2000
9 2 0.2000
9 3 0.2000
9 5 0.2000
9 7 0.2000
10 0 1.0000
11 0 0.2500
11 3 0.2500
11 8 0.2500
11 12 0.2500
12 0 1.0000
13 0 0.2500
13 2 0.2500
13 7 0.2500
13 8 0.2500
14 14 -1